num_obstacles: 1
x_min: -0.5
x_max: 1.5
y_min: -2.5
y_max: 0.5

obstacles:
  0:
    x: -0.010644820518791676
    y: -1.2252780199050903
    r: 0.15
