num_obstacles: 1
x_min: -5.0
x_max: 10.0
y_min: -5.0
y_max: 10.0

obstacles:
  0:
    x: -0.010644820518791676
    y: -1.2252780199050903
    r: 0.15
